-1.106297633308054884e+02
-2.889871837612398764e+01
2.801676016555533124e+02
-2.007003172668336788e+01
-1.396333551449724197e+01
-1.490102845863671277e+01
2.085065196965940970e+02
-9.082667753159133781e+02
1.819073891875338234e+01
-4.579165736650460303e+02
2.666343275228963989e+02
-2.180799587112660021e+01
-2.533967114917689685e+02
-2.252146881660592044e+02
5.043414581227074223e+01
-1.851457194618839594e+03
1.762615120507614819e+01
-2.215440693951262574e+02
-7.089164208209324158e+01
-2.013428307448397163e+02
-1.337351514955300615e+02
-4.419699513353842235e+02
2.165695266371731265e+01
-1.089468395523338415e+02
-1.012254096091129441e+02
-1.981876855614228816e+01
-1.545473392176430494e+01
-1.619963182331342821e+01
2.355749510620490206e+00
2.436823800691348652e+02
-1.077837623883427085e+02
2.050970049525930108e+02
-2.976294611750676111e+00
2.536946684398119203e+02
-6.498746169381591926e+02
-1.370086066651514578e+01
-9.742132117931690516e+01
3.923369373202594090e+01
9.041766690129149353e-01
1.822915491382319075e+01
-2.178790840524650321e+03
-5.244814027804646912e+02
-9.269110615062080782e+00
3.544834930759404301e+01
6.704796807953678695e+01
3.948662921638265999e+01
1.385742291192564934e+01
9.271290386980582809e+01
-1.273255977993083476e+01
1.572290768943589967e+02
-1.044794486839342653e+02
-1.994606785832723062e+03
-2.565034306700571051e+03
-6.294750337251969086e+00
2.059234369016398603e+01
-6.431758511325638494e+01
2.204441736150699001e+02
-2.568320489340665063e+03
-1.563495821987337195e+03
-2.174599554116610761e+03
-1.165944485875455712e+02
-5.145907670585127391e+01
5.456717227653301450e+01
-6.242575685734493618e+02
-8.169543508281647348e+01
-8.426749219898519883e+00
3.740402223095141920e+01
-1.167131920930743718e+03
-1.801383719681600041e+03
7.708936221314633030e+01
-2.059199284600491069e+02
-2.186855546218991549e+03
-1.521727182779989334e+03
-3.551577610153555042e+02
-1.504113836927667691e+01
-1.443706293086789572e+01
2.847045927871041613e+02
-5.999134367651854518e+02
-3.080060954128640560e+02
-1.365589408104870586e+02
-1.584245369167339135e+01
-3.991356237772097870e+02
-3.816968317794558061e+02
2.589908154932581397e+02
-7.311555735270995910e+02
-4.078477911953677904e+02
-1.542561616259786916e+01
6.275165550859834696e+01
-6.442973644752291875e+02
-1.327889486865518165e+03
-5.455070761200107654e+02
-6.795363918609081111e+01
-9.960696950075691447e+00
-5.843614250008791089e+01
-6.274799290320125920e+02
-1.787833353201921000e+03
-1.700499999469422619e+04
-7.219204637196045837e+01
2.418702437342656140e+02
-1.700499999999998545e+04
-1.151198170647428242e+03
-1.684612810176308173e+01
-8.739927979509671786e+03
-2.419049225218202253e+02
-3.872160861275084898e+01
-1.700499999999998545e+04
-2.509033860911183922e+02
4.147829230094237651e+00
-1.355981855484019434e+04
-6.794149530178219720e+01
-9.058211677031195563e+01
-1.700499999999998545e+04
-1.139626351716659869e+01
2.845127442269437523e+01
-1.374993101704636319e+04
4.243984153555334871e+00
-2.599596481719141252e+02
-1.700499999999998545e+04
-3.805037231807866647e+02
3.764991999418191959e+00
-1.543525769950490576e+04
-1.297907794703188245e+01
-2.839141498476840297e+02
-1.700485243796827126e+04
-1.540481955161508942e+01
3.651279719070158194e+02
-1.700499999999998545e+04
-1.923221101695911102e+03
-1.046339948800346953e+01
-9.817218658658475761e+03
-1.458639344225337631e+01
-1.241226061265264633e+02
-1.700499999999509600e+04
-4.026810196733283931e+01
-1.202965835414397944e+01
-1.168252074356389676e+04
-2.383872993630885730e+02
-1.343174711497089469e+01
-1.700495329957992362e+04
-3.239980709502650313e+01
2.123950585829448201e+01
-1.240271665517605106e+04
-1.931771217854395957e+02
4.054224997190090107e+01
-1.700499999999998545e+04
-1.434971625923608599e+03
-1.248667829205368562e+01
1.867961170238393720e+02
-1.299495429632470950e+04
-3.033553441046285116e+03
-1.700492752542545713e+04
-8.467667153395223067e+02
1.499258750115213843e+02
-1.484041710740986673e+04
-5.997595383542203535e+02
-1.949863810934144112e+03
-1.700499999999998545e+04
-2.354150675565568235e+03
4.052110691503093554e-01
-1.700499999999998545e+04
-1.576000225855857479e+03
-1.112747498938965762e+01
9.996096066218234455e+01
-9.215925521414568721e+03
-2.544005453693586787e+03
2.682727529460436244e+01
-8.605957843644562672e+03
-4.150326062026947511e+03
-1.425755843728224363e+03
-1.256257228492545255e+04
-2.614372928257442254e+03
-1.700497078122370658e+04
2.543957105906859510e+02
-2.179737722071455210e+03
-1.700499999856910290e+04
-2.001472121907534074e+02
-2.144523068286591894e+01
-1.700490909226863005e+04
-2.529264880035501335e+02
1.676041031829520307e+02
1.925826250871740086e+01
-1.122155335611838927e+04
-3.895555095281602917e+03
2.179005687825926074e+00
-1.224798216350812072e+04
-2.152465407996625800e+03
-1.700499999999998545e+04
-1.795900044363281154e+02
-1.071366451157278021e+01
-1.699969694057269226e+04
2.213765164710648037e+01
7.637699371518847613e+01
-2.581615443449848257e+01
-1.494863892496145490e+04
1.891284581512779823e+02
-3.879193130367764297e+02
-1.690236336585586105e+04
-1.499407126122151368e+01
-3.336718905521662464e+02
-1.700499999999998545e+04
-3.054175706150106961e+01
-1.159150982817937425e+01
-1.409002903987923310e+04
-1.851868298622231919e+02
-1.400910654294522146e+02
-1.700499999999998545e+04
-5.292179590510794895e-01
-3.743036978638058088e+01
-1.270959166319084397e+04
-2.976302224495446467e+02
1.815848913519763030e+01
-1.700499999987368210e+04
-4.384457521663250645e+01
-6.043089510977342798e+02
-8.655781823090734179e+03
1.325563316454550566e+01
-2.558273842485267835e+02
-1.700453731325045737e+04
-3.084984421238208796e+01
-1.509938502689719897e+01
-1.700499999999994907e+04
2.305176217979061448e+02
-2.165315839370448359e+01
-1.130624491683214364e+04
-1.429697705001247641e+03
-4.360358997128997771e+02
-1.700499999999998545e+04
-1.200839188257854317e+01
-3.763806228501337614e+02
-1.177419245015654087e+04
-9.347094107685135711e+00
-2.801519615548035631e+02
-1.699304617319843601e+04
2.524996972435040732e-01
9.335936112644629858e+00
-1.489848538061509498e+04
-2.640317624509781069e+01
-2.115268359018672982e+03
-1.700499999999998545e+04
1.156489137871981043e+01
-9.444396431968270917e+03
-4.116617194021346222e+03
-2.564425819198147110e+03
-6.139049491293760639e+02
-1.700499780394472327e+04
-2.096978952405769121e+02
-1.976189235834257829e+02
-1.700482112958642028e+04
1.327005449715783243e+02
-2.343602337222864207e+03
-1.700499999999998545e+04
-7.173654052783467705e+01
-8.949607514265217105e+03
-4.281431638863410427e+01
-2.547033081609800718e+02
-1.126663272988382778e+04
2.481615716322988163e+01
-1.632670042390050412e+03
-2.544773667923976518e+03
-1.700445507655737310e+04
-9.277217500620971578e+02
-2.437855784236592172e+03
-1.700499973600852172e+04
-5.198515049877910599e+01
1.878880241628640135e+02
-1.700498898858783286e+04
-2.434149974587649467e+03
-1.133686838464698849e+04
2.707458561089592877e+02
-2.206266138502210197e+03
-9.816073078629442534e+02
-1.700232396884759510e+04
-1.862739575796231861e+01
-5.790350412889000609e+02
-1.700499999999952706e+04
1.827984208984042596e+02
-3.040768060286609966e+02
-1.700499999999998545e+04
-1.879614078779140840e+01
-3.648821963302653870e+01
-1.700499999999998545e+04
3.860184731233177047e+01
-1.160713678734627319e+04
-3.942503585286063128e+01
-2.562135156851482407e+03
-1.138995204535034827e+04
3.249124381752972113e+01
-5.712605306718593283e+02
-2.550750000000000000e+03
-4.718887499999999818e+03
-2.643626526463126993e+03
-2.550750000000000000e+03
-2.550750000000000000e+03
-4.907784358129298425e+02
-4.717222499999999854e+03
-4.718887499999999818e+03
-1.476747424399936335e+03
-2.550750000000000000e+03
-2.549849999999999909e+03
-6.059207968359461347e+02
-8.125415756250000413e+03
-6.289537172660737269e+03
-3.836663494246805385e+03
-6.561804374999999709e+03
-4.715033867082447614e+03
-3.941931225927999549e+03
-6.559489125000000058e+03
-8.128283718749999935e+03
-3.881975761751778009e+03
-6.561804374999999709e+03
-8.125415756250000413e+03
-7.166075122985577764e+03
0.000000000000000000e+00
0.000000000000000000e+00
0.000000000000000000e+00
-2.550750000000000000e+03
-2.174484548598733454e+03
-1.219486842364313588e+03
-2.550750000000000000e+03
3.865178740251370471e+01
0.000000000000000000e+00
-4.705725248065014966e+03
-2.550750000000000000e+03
-3.485795782710159983e+03
-5.958046707759174751e+03
-6.560420106862340617e+03
-4.913729545417992995e+03
-6.904997294121810228e+03
-7.291251251620635230e+03
-7.046200932490952255e+03
-6.562668378774400480e+03
-6.559489125000000058e+03
-4.564803730392864964e+03
-4.717222499999999854e+03
-4.719471116368367802e+03
-3.632746631954454642e+03
-8.750395916321824188e+03
-9.456453392812500169e+03
-8.128283718749999935e+03
-6.115425848121434456e+02
-1.700499454094081739e+04
6.122238977184142783e+00
-1.458060500277586513e+01
-1.700499999999242937e+04
-1.185958107725901556e+02
-8.128283718749999935e+03
-8.128283718749999935e+03
-8.058252742031249909e+03
-1.461948229149348481e+04
-1.462187337206452139e+04
-1.465274520760510859e+04
-1.578490283970114433e+04
-1.491955665980286722e+04
-1.606160288116649463e+04
5.001631689118382695e+01
-1.700499999999998545e+04
-5.842143214992665889e+02
1.432734834530794821e+01
-1.700499999999998545e+04
-1.336042925787976628e+03
-5.333037371190313934e+03
-4.720168943087299340e+03
-3.155532122580588293e+03
-4.718887499999999818e+03
-5.935134599771334251e+03
-4.718887499999999818e+03
-7.889704047593128962e+03
-5.958090281665407019e+03
-6.342504431139843291e+03
-1.042287841600614411e+04
-1.059199281524975231e+04
-1.093731164562761296e+04
-1.411868484708756660e+04
-1.419888535492988012e+04
-1.109289228690282653e+04
-1.318517174927213819e+04
-1.337304379437867465e+04
-1.302778208322759929e+04
-1.438024096014804854e+04
-1.449043503759542000e+04
-1.433550842358230511e+04
-1.427875706731474747e+04
-1.322118235697746786e+04
-1.424296483042144064e+04
-2.404104499166201549e+03
-9.144575428255542647e+03
-1.303457425476960634e+04
-1.366886566840302564e+01
-1.121524561008018054e+03
-1.700499999999998545e+04
-1.233592849484597537e+03
-2.239334328476137159e+01
-1.700475836603171774e+04
-3.409463133452229158e+03
-1.619487761247267599e+03
-1.700494795606241678e+04
-7.666857199681310703e+03
-1.042798730929679186e+04
-1.165524680296958286e+04
-1.206653985372065472e+04
-4.838365266408465686e+03
-1.412025377034396297e+04
-4.838854859104463344e+02
-3.363599527857898011e+02
-1.700499999999998545e+04
-1.571794232718533522e+02
-4.323227343903241149e+02
-1.700499999999998545e+04
-7.310602583167226385e+02
-1.230912223931330729e+01
-1.700499999999998545e+04
-1.090750668518683233e+04
-6.956965198184466317e+03
-1.161740026642584235e+04
-2.450994007190894536e+03
1.702942008276383490e+02
-1.698478339118914300e+04
1.741315668544158370e+02
-1.841542728871579811e+03
-1.700466759785592512e+04
-3.728980144354745221e+02
-1.706470640068119771e+00
-1.700499919218134892e+04
-2.884254794220847543e+03
-1.668139090520367418e+01
-1.700499999999998545e+04
-1.222348498970806577e+04
-6.418528240181969522e+03
-1.441249428111921407e+04
-7.194092827273501825e+03
-1.139969458573689190e+04
-1.223363957745916014e+04
-3.936238753821214686e+01
-1.840363083761234861e+02
-1.694277938542931224e+04
3.364158607546598319e+02
-4.456643426927026042e+01
-1.700057467181607353e+04
-7.266204472105919798e+00
-2.997911000120894087e+01
-2.448788278381927284e+03
-2.760770529686383412e+01
-1.635031215950354181e+03
-1.700499999999998545e+04
2.792710118698016331e-02
-1.501516668872090463e+02
-8.128354517371914767e+01
-4.259697846487484867e+02
7.284036750529683246e+00
-1.700499999999998545e+04
2.908475300321624246e+01
-1.561470196416428962e+03
-1.818270665811586923e+03
-1.839288641805372436e+03
-8.059123954199106876e+00
-1.700499999999998545e+04
2.569209784866247901e+02
-6.784571711936874294e+01
-1.700499988360879433e+04
-2.647166752749390980e+03
4.671304635601658788e+02
-1.567949918721456015e+04
-2.179156115848234549e+03
-1.376718725041915548e+01
-1.698937726065103561e+04
-1.849957599925099430e+03
-2.446695113958655199e+01
-5.041238968559449631e+02
-1.289270134498249718e+03
-1.076469243026390821e+01
-1.700355270498444588e+04
-2.488628086609164257e+03
-7.147110691283881323e+00
1.082065014143522035e+02
-2.933732532155578610e+03
8.886641659387851888e+00
-1.700030382621834724e+04
-6.902643469345571248e+03
-2.490851085895201777e+03
-4.781007569012179914e+01
-9.459791160937500536e+03
-2.712545265223653132e+03
-6.036566358795605993e+03
-1.700499908646332915e+04
-1.985155387495954216e+01
-1.700499824995070230e+04
-6.266565102089617540e+03
-2.192548038647669273e+03
-9.459791160937500536e+03
-1.455402436858008878e+04
1.056499877091364965e+02
-1.700499999999998545e+04
-1.494372751487587993e+04
-7.195322385552252342e+01
-6.499449375106190928e+03
-1.574236027855573047e+04
-4.750846428278484382e+03
-1.380704373162651791e+04
-1.032617763100309094e+04
-5.439539643059599712e+02
-1.693124473340702389e+04
-1.700499999999998545e+04
4.982746169605194098e+01
-1.700499999999998545e+04
-1.686432235275652056e+04
-1.390292411595058013e+02
-1.684414465416188250e+04
-1.059157248679687473e+04
-6.164078420236745615e+02
-6.153085963251899557e+03
-1.700499999999998545e+04
1.346106701104595800e+02
-1.700499997707227885e+04
-1.150723275157320859e+04
-1.019631087008750342e+03
-8.129428818222504560e+03
-1.700499999999998545e+04
1.292742860104075353e+00
-1.700499999999998545e+04
-7.368587628039023912e+03
-2.176321765773702737e+03
-1.684397364810923318e+04
-1.570908746124251957e+04
-3.887864544740928523e+03
-1.226310471673733264e+04
-1.365233200061205571e+04
-4.115794672988028680e+01
-8.642679602418251307e+03
-1.700499999999998545e+04
1.358314995338257631e+02
-1.700499999999998545e+04
2.133003491780821150e+02
-4.399475710821303437e+03
-8.127862041848515219e+03
-2.543702896986791195e+00
-6.648531979012080228e+03
-6.629936417752638818e+02
-1.700499999999998545e+04
-1.269285952275134832e+01
-1.700499999999998545e+04
-2.555745913950779141e+03
-3.848756545394631758e+03
-1.346586917144140614e+02
-1.700499999999998545e+04
3.857250001865000222e+00
-1.700499999999998545e+04
3.645112971166084748e+01
-2.909697376457085738e+03
-1.313748327187289988e+03
-1.086632446728603867e+02
-1.120164140046783359e+04
-1.660022663455114525e+04
1.669686340960651592e+02
-1.591682147380097234e+01
-4.718887499999999818e+03
-1.700499999999998545e+04
2.177712697945125626e+02
-1.700499999999998545e+04
-1.700499999999998545e+04
-3.683044502063943071e+01
-1.700499999999998545e+04
0.000000000000000000e+00
0.000000000000000000e+00
0.000000000000000000e+00
-9.241221148286154374e+00
-8.626236125963787345e+03
-1.652879604064840532e+04
-1.302653833112168202e+00
-2.550750000000000000e+03
-2.646212905787311911e+02
-1.700499999999998545e+04
4.057687717287006279e+00
-1.700499999999998545e+04
-2.622473899825828994e+03
-2.549849999999999909e+03
-2.549600737499999923e+03
-7.793009240501574197e+01
-9.459791160937500536e+03
-6.853462816893324998e+03
-2.416015450079019189e+01
-1.700237458099419746e+04
-1.700362951487010287e+04
1.007545092852170114e+02
-1.700499999997515260e+04
-1.700499999999998545e+04
-2.183769938967757085e+01
-1.375441998580341897e+04
-1.389179043872800685e+04
-1.102640230648540637e+04
-1.570906303882618886e+04
-1.405887193673335787e+04
-1.842270367548301010e+03
-1.365233200061205571e+04
-7.286047060799093742e+03
-2.004451552408999362e+02
-1.700499999999998545e+04
-1.700499999999998545e+04
-3.347401764495577936e+01
-1.216582939218039792e+04
-1.664330468387155997e+04
-3.773258851084649734e+01
-1.700499111083382377e+04
-1.700497996605872686e+04
-3.299313734076420701e+02
-6.561804374999999709e+03
-6.883247141530881891e+03
-9.549142653963974681e+01
-5.681050906366751406e+03
-8.045615003752151097e+03
1.338151718449116174e+02
-1.700499999966601536e+04
-1.700499999999998545e+04
-3.537412033476224593e+01
-1.379783172990915045e+04
-1.699756909032809926e+04
3.121958841489561109e+01
-1.543864420444293683e+04
-1.700498902181570884e+04
-3.853716661806535626e+02
-1.365233200061205571e+04
-7.422456359655949200e+03
-5.576096431648016733e+03
-1.593175623677237127e+04
-1.324141654440862658e+04
-2.556652913073182390e+03
9.643003100388541782e+01
-2.550750000000000000e+03
1.809461879511185032e+02
-1.700499999999998545e+04
-1.700499999999998545e+04
-2.558046951551916415e+00
-1.418113984994569421e+00
5.012647143448696774e+00
-3.142933244790157943e+01
-1.700438114021641377e+04
-1.700499999999998545e+04
-2.550750000000000000e+03
-9.914324296407079373e+02
4.000976624615931954e+00
-9.142365836573148044e+03
-1.369325866349550003e+00
-1.634589417390783092e+04
-2.549849999999999909e+03
-4.313696563291786745e+00
-2.152662747476164895e+03
-8.637591629005851246e+01
-1.700499999945465242e+04
-1.700499999999998545e+04
2.536489162337805681e+02
-1.700499999999998545e+04
-1.700499999999998545e+04
-5.022910998901959829e+03
1.859074761031860135e+02
-4.011193050241980472e+03
-1.593010755592949401e+01
-1.700499999999998545e+04
-1.700499999999998545e+04
-2.550750000000000000e+03
-2.381290828642317337e+00
9.814059331350917148e+01
-2.620256206602044458e+01
-1.700119244114199682e+04
-1.700499999999998545e+04
-2.549849999999999909e+03
-2.441964422561753167e+01
-9.489725889273044857e+01
-1.072475612100029866e+04
-8.278711763224140441e+02
-1.026910283258212803e+04
-1.059157248679687473e+04
-1.344529271103662040e+02
-8.103613115377684153e+03
-9.459791160937500536e+03
-9.459791160937500536e+03
-1.058783538389062414e+04
-6.561804374999999709e+03
-6.561804374999999709e+03
-4.718887499999999818e+03
-8.908874532516359977e+03
-1.059212232430492622e+04
-1.059157248679687473e+04
-6.563930423102370696e+03
-8.125415756250000413e+03
-6.561804374999999709e+03
-1.596178483266954026e+04
-1.450399367960631571e+04
-1.608705663275387815e+04
-1.019335031024684577e+04
-1.449611713781087201e+04
-1.415433220052024808e+04
-1.471278445614901830e+04
-1.550605463350854916e+04
-1.547729261968848732e+04
-1.639058559695133954e+04
-1.433732745994103971e+04
-1.634589417390783092e+04
-2.550750000000000000e+03
-2.550750000000000000e+03
-2.550750000000000000e+03
-9.677050389874086250e+03
-8.041215215289755179e+03
-1.058783538389062414e+04
-4.718887499999999818e+03
-4.717222499999999854e+03
-4.718887499999999818e+03
-5.702069740862254548e+03
-4.718887499999999818e+03
-4.718887499999999818e+03
-1.405132455347407449e+04
-1.365233200061205571e+04
-1.365715075418601009e+04
-1.634012673109434036e+04
-1.624131528890043228e+04
-1.634589417390783092e+04
-1.129158543116026704e+04
-1.337705828280200149e+04
-1.415433220052024808e+04
-1.362361261423074757e+04
-1.345598288018050334e+04
-1.306174353013183099e+04
0.000000000000000000e+00
0.000000000000000000e+00
0.000000000000000000e+00
-3.908586507859031656e+01
-2.550750000000000000e+03
-2.550750000000000000e+03
-2.550750000000000000e+03
0.000000000000000000e+00
0.000000000000000000e+00
0.000000000000000000e+00
0.000000000000000000e+00
0.000000000000000000e+00
0.000000000000000000e+00
0.000000000000000000e+00
0.000000000000000000e+00
0.000000000000000000e+00
0.000000000000000000e+00
0.000000000000000000e+00
-2.549849999999999909e+03
-2.550750000000000000e+03
-2.549849999999999909e+03
-7.955428856714426047e+02
-2.550750000000000000e+03
-4.718887499999999818e+03
2.304761892201270967e+01
0.000000000000000000e+00
0.000000000000000000e+00
-2.550750000000000000e+03
-4.717222499999999854e+03
-2.550750000000000000e+03
-1.838871487390358197e+03
-4.718887499999999818e+03
-4.718887499999999818e+03
0.000000000000000000e+00
0.000000000000000000e+00
0.000000000000000000e+00
-1.644636035443981427e+03
-8.128283718749999935e+03
-4.718887499999999818e+03
0.000000000000000000e+00
0.000000000000000000e+00
0.000000000000000000e+00
-5.242411586759325473e+03
-9.456453392812500169e+03
-8.128283718749999935e+03
-4.718887499999999818e+03
-4.717222499999999854e+03
-6.559489125000000058e+03
